# 
# computed by Jin Kosaka and Hirotake Kurihara 
# using gap 4.12.2 
# 
GAQ_23 :=
[
# No.1
rec(
  G := 
   Group( 
    [ ( 1, 2, 3, 4, 5, 6, 7, 8, 9,10,11,12,13,14,15,16,17,18,19,20,21,22,23) 
     ] ),
  isConnected := false,
  matrix := 
   [ [ 1, 2, 3, 4, 5, 6, 7, 8, 9, 10, 11, 12, 13, 14, 15, 16, 17, 18, 19, 20, 
          21, 22, 23 ], 
      [ 1, 2, 3, 4, 5, 6, 7, 8, 9, 10, 11, 12, 13, 14, 15, 16, 17, 18, 19, 
          20, 21, 22, 23 ], 
      [ 1, 2, 3, 4, 5, 6, 7, 8, 9, 10, 11, 12, 13, 14, 15, 16, 17, 18, 19, 
          20, 21, 22, 23 ], 
      [ 1, 2, 3, 4, 5, 6, 7, 8, 9, 10, 11, 12, 13, 14, 15, 16, 17, 18, 19, 
          20, 21, 22, 23 ], 
      [ 1, 2, 3, 4, 5, 6, 7, 8, 9, 10, 11, 12, 13, 14, 15, 16, 17, 18, 19, 
          20, 21, 22, 23 ], 
      [ 1, 2, 3, 4, 5, 6, 7, 8, 9, 10, 11, 12, 13, 14, 15, 16, 17, 18, 19, 
          20, 21, 22, 23 ], 
      [ 1, 2, 3, 4, 5, 6, 7, 8, 9, 10, 11, 12, 13, 14, 15, 16, 17, 18, 19, 
          20, 21, 22, 23 ], 
      [ 1, 2, 3, 4, 5, 6, 7, 8, 9, 10, 11, 12, 13, 14, 15, 16, 17, 18, 19, 
          20, 21, 22, 23 ], 
      [ 1, 2, 3, 4, 5, 6, 7, 8, 9, 10, 11, 12, 13, 14, 15, 16, 17, 18, 19, 
          20, 21, 22, 23 ], 
      [ 1, 2, 3, 4, 5, 6, 7, 8, 9, 10, 11, 12, 13, 14, 15, 16, 17, 18, 19, 
          20, 21, 22, 23 ], 
      [ 1, 2, 3, 4, 5, 6, 7, 8, 9, 10, 11, 12, 13, 14, 15, 16, 17, 18, 19, 
          20, 21, 22, 23 ], 
      [ 1, 2, 3, 4, 5, 6, 7, 8, 9, 10, 11, 12, 13, 14, 15, 16, 17, 18, 19, 
          20, 21, 22, 23 ], 
      [ 1, 2, 3, 4, 5, 6, 7, 8, 9, 10, 11, 12, 13, 14, 15, 16, 17, 18, 19, 
          20, 21, 22, 23 ], 
      [ 1, 2, 3, 4, 5, 6, 7, 8, 9, 10, 11, 12, 13, 14, 15, 16, 17, 18, 19, 
          20, 21, 22, 23 ], 
      [ 1, 2, 3, 4, 5, 6, 7, 8, 9, 10, 11, 12, 13, 14, 15, 16, 17, 18, 19, 
          20, 21, 22, 23 ], 
      [ 1, 2, 3, 4, 5, 6, 7, 8, 9, 10, 11, 12, 13, 14, 15, 16, 17, 18, 19, 
          20, 21, 22, 23 ], 
      [ 1, 2, 3, 4, 5, 6, 7, 8, 9, 10, 11, 12, 13, 14, 15, 16, 17, 18, 19, 
          20, 21, 22, 23 ], 
      [ 1, 2, 3, 4, 5, 6, 7, 8, 9, 10, 11, 12, 13, 14, 15, 16, 17, 18, 19, 
          20, 21, 22, 23 ], 
      [ 1, 2, 3, 4, 5, 6, 7, 8, 9, 10, 11, 12, 13, 14, 15, 16, 17, 18, 19, 
          20, 21, 22, 23 ], 
      [ 1, 2, 3, 4, 5, 6, 7, 8, 9, 10, 11, 12, 13, 14, 15, 16, 17, 18, 19, 
          20, 21, 22, 23 ], 
      [ 1, 2, 3, 4, 5, 6, 7, 8, 9, 10, 11, 12, 13, 14, 15, 16, 17, 18, 19, 
          20, 21, 22, 23 ], 
      [ 1, 2, 3, 4, 5, 6, 7, 8, 9, 10, 11, 12, 13, 14, 15, 16, 17, 18, 19, 
          20, 21, 22, 23 ], 
      [ 1, 2, 3, 4, 5, 6, 7, 8, 9, 10, 11, 12, 13, 14, 15, 16, 17, 18, 19, 
          20, 21, 22, 23 ] ],
  ordFix := 23,
  ordf := 1,
  psi := GroupHomomorphismByImages( Group( 
    [ ( 1, 2, 3, 4, 5, 6, 7, 8, 9,10,11,12,13,14,15,16,17,18,19,20,21,22,23) 
     ] ), Group( 
    [ ( 1, 2, 3, 4, 5, 6, 7, 8, 9,10,11,12,13,14,15,16,17,18,19,20,21,22,23) 
     ] ), 
    [ ( 1, 2, 3, 4, 5, 6, 7, 8, 9,10,11,12,13,14,15,16,17,18,19,20,21,22,23) 
     ], 
    [ ( 1, 2, 3, 4, 5, 6, 7, 8, 9,10,11,12,13,14,15,16,17,18,19,20,21,22,23) 
     ] ) ),
# No.2
rec(
  G := 
   Group( 
    [ ( 1, 2, 3, 4, 5, 6, 7, 8, 9,10,11,12,13,14,15,16,17,18,19,20,21,22,23) 
     ] ),
  isConnected := true,
  matrix := 
   [ [ 1, 3, 5, 7, 9, 11, 13, 15, 17, 19, 21, 23, 2, 4, 6, 8, 10, 12, 14, 16, 
          18, 20, 22 ], 
      [ 23, 2, 4, 6, 8, 10, 12, 14, 16, 18, 20, 22, 1, 3, 5, 7, 9, 11, 13, 
          15, 17, 19, 21 ], 
      [ 22, 1, 3, 5, 7, 9, 11, 13, 15, 17, 19, 21, 23, 2, 4, 6, 8, 10, 12, 
          14, 16, 18, 20 ], 
      [ 21, 23, 2, 4, 6, 8, 10, 12, 14, 16, 18, 20, 22, 1, 3, 5, 7, 9, 11, 
          13, 15, 17, 19 ], 
      [ 20, 22, 1, 3, 5, 7, 9, 11, 13, 15, 17, 19, 21, 23, 2, 4, 6, 8, 10, 
          12, 14, 16, 18 ], 
      [ 19, 21, 23, 2, 4, 6, 8, 10, 12, 14, 16, 18, 20, 22, 1, 3, 5, 7, 9, 
          11, 13, 15, 17 ], 
      [ 18, 20, 22, 1, 3, 5, 7, 9, 11, 13, 15, 17, 19, 21, 23, 2, 4, 6, 8, 
          10, 12, 14, 16 ], 
      [ 17, 19, 21, 23, 2, 4, 6, 8, 10, 12, 14, 16, 18, 20, 22, 1, 3, 5, 7, 
          9, 11, 13, 15 ], 
      [ 16, 18, 20, 22, 1, 3, 5, 7, 9, 11, 13, 15, 17, 19, 21, 23, 2, 4, 6, 
          8, 10, 12, 14 ], 
      [ 15, 17, 19, 21, 23, 2, 4, 6, 8, 10, 12, 14, 16, 18, 20, 22, 1, 3, 5, 
          7, 9, 11, 13 ], 
      [ 14, 16, 18, 20, 22, 1, 3, 5, 7, 9, 11, 13, 15, 17, 19, 21, 23, 2, 4, 
          6, 8, 10, 12 ], 
      [ 13, 15, 17, 19, 21, 23, 2, 4, 6, 8, 10, 12, 14, 16, 18, 20, 22, 1, 3, 
          5, 7, 9, 11 ], 
      [ 12, 14, 16, 18, 20, 22, 1, 3, 5, 7, 9, 11, 13, 15, 17, 19, 21, 23, 2, 
          4, 6, 8, 10 ], 
      [ 11, 13, 15, 17, 19, 21, 23, 2, 4, 6, 8, 10, 12, 14, 16, 18, 20, 22, 
          1, 3, 5, 7, 9 ], 
      [ 10, 12, 14, 16, 18, 20, 22, 1, 3, 5, 7, 9, 11, 13, 15, 17, 19, 21, 
          23, 2, 4, 6, 8 ], 
      [ 9, 11, 13, 15, 17, 19, 21, 23, 2, 4, 6, 8, 10, 12, 14, 16, 18, 20, 
          22, 1, 3, 5, 7 ], 
      [ 8, 10, 12, 14, 16, 18, 20, 22, 1, 3, 5, 7, 9, 11, 13, 15, 17, 19, 21, 
          23, 2, 4, 6 ], 
      [ 7, 9, 11, 13, 15, 17, 19, 21, 23, 2, 4, 6, 8, 10, 12, 14, 16, 18, 20, 
          22, 1, 3, 5 ], 
      [ 6, 8, 10, 12, 14, 16, 18, 20, 22, 1, 3, 5, 7, 9, 11, 13, 15, 17, 19, 
          21, 23, 2, 4 ], 
      [ 5, 7, 9, 11, 13, 15, 17, 19, 21, 23, 2, 4, 6, 8, 10, 12, 14, 16, 18, 
          20, 22, 1, 3 ], 
      [ 4, 6, 8, 10, 12, 14, 16, 18, 20, 22, 1, 3, 5, 7, 9, 11, 13, 15, 17, 
          19, 21, 23, 2 ], 
      [ 3, 5, 7, 9, 11, 13, 15, 17, 19, 21, 23, 2, 4, 6, 8, 10, 12, 14, 16, 
          18, 20, 22, 1 ], 
      [ 2, 4, 6, 8, 10, 12, 14, 16, 18, 20, 22, 1, 3, 5, 7, 9, 11, 13, 15, 
          17, 19, 21, 23 ] ],
  ordFix := 1,
  ordf := 11,
  psi := GroupHomomorphismByImages( Group( 
    [ ( 1, 2, 3, 4, 5, 6, 7, 8, 9,10,11,12,13,14,15,16,17,18,19,20,21,22,23) 
     ] ), Group( 
    [ ( 1, 2, 3, 4, 5, 6, 7, 8, 9,10,11,12,13,14,15,16,17,18,19,20,21,22,23) 
     ] ), 
    [ ( 1, 2, 3, 4, 5, 6, 7, 8, 9,10,11,12,13,14,15,16,17,18,19,20,21,22,23) 
     ], 
    [ ( 1, 3, 5, 7, 9,11,13,15,17,19,21,23, 2, 4, 6, 8,10,12,14,16,18,20,22) 
     ] ) ),
# No.3
rec(
  G := 
   Group( 
    [ ( 1, 2, 3, 4, 5, 6, 7, 8, 9,10,11,12,13,14,15,16,17,18,19,20,21,22,23) 
     ] ),
  isConnected := true,
  matrix := 
   [ [ 1, 4, 7, 10, 13, 16, 19, 22, 2, 5, 8, 11, 14, 17, 20, 23, 3, 6, 9, 12, 
          15, 18, 21 ], 
      [ 22, 2, 5, 8, 11, 14, 17, 20, 23, 3, 6, 9, 12, 15, 18, 21, 1, 4, 7, 
          10, 13, 16, 19 ], 
      [ 20, 23, 3, 6, 9, 12, 15, 18, 21, 1, 4, 7, 10, 13, 16, 19, 22, 2, 5, 
          8, 11, 14, 17 ], 
      [ 18, 21, 1, 4, 7, 10, 13, 16, 19, 22, 2, 5, 8, 11, 14, 17, 20, 23, 3, 
          6, 9, 12, 15 ], 
      [ 16, 19, 22, 2, 5, 8, 11, 14, 17, 20, 23, 3, 6, 9, 12, 15, 18, 21, 1, 
          4, 7, 10, 13 ], 
      [ 14, 17, 20, 23, 3, 6, 9, 12, 15, 18, 21, 1, 4, 7, 10, 13, 16, 19, 22, 
          2, 5, 8, 11 ], 
      [ 12, 15, 18, 21, 1, 4, 7, 10, 13, 16, 19, 22, 2, 5, 8, 11, 14, 17, 20, 
          23, 3, 6, 9 ], 
      [ 10, 13, 16, 19, 22, 2, 5, 8, 11, 14, 17, 20, 23, 3, 6, 9, 12, 15, 18, 
          21, 1, 4, 7 ], 
      [ 8, 11, 14, 17, 20, 23, 3, 6, 9, 12, 15, 18, 21, 1, 4, 7, 10, 13, 16, 
          19, 22, 2, 5 ], 
      [ 6, 9, 12, 15, 18, 21, 1, 4, 7, 10, 13, 16, 19, 22, 2, 5, 8, 11, 14, 
          17, 20, 23, 3 ], 
      [ 4, 7, 10, 13, 16, 19, 22, 2, 5, 8, 11, 14, 17, 20, 23, 3, 6, 9, 12, 
          15, 18, 21, 1 ], 
      [ 2, 5, 8, 11, 14, 17, 20, 23, 3, 6, 9, 12, 15, 18, 21, 1, 4, 7, 10, 
          13, 16, 19, 22 ], 
      [ 23, 3, 6, 9, 12, 15, 18, 21, 1, 4, 7, 10, 13, 16, 19, 22, 2, 5, 8, 
          11, 14, 17, 20 ], 
      [ 21, 1, 4, 7, 10, 13, 16, 19, 22, 2, 5, 8, 11, 14, 17, 20, 23, 3, 6, 
          9, 12, 15, 18 ], 
      [ 19, 22, 2, 5, 8, 11, 14, 17, 20, 23, 3, 6, 9, 12, 15, 18, 21, 1, 4, 
          7, 10, 13, 16 ], 
      [ 17, 20, 23, 3, 6, 9, 12, 15, 18, 21, 1, 4, 7, 10, 13, 16, 19, 22, 2, 
          5, 8, 11, 14 ], 
      [ 15, 18, 21, 1, 4, 7, 10, 13, 16, 19, 22, 2, 5, 8, 11, 14, 17, 20, 23, 
          3, 6, 9, 12 ], 
      [ 13, 16, 19, 22, 2, 5, 8, 11, 14, 17, 20, 23, 3, 6, 9, 12, 15, 18, 21, 
          1, 4, 7, 10 ], 
      [ 11, 14, 17, 20, 23, 3, 6, 9, 12, 15, 18, 21, 1, 4, 7, 10, 13, 16, 19, 
          22, 2, 5, 8 ], 
      [ 9, 12, 15, 18, 21, 1, 4, 7, 10, 13, 16, 19, 22, 2, 5, 8, 11, 14, 17, 
          20, 23, 3, 6 ], 
      [ 7, 10, 13, 16, 19, 22, 2, 5, 8, 11, 14, 17, 20, 23, 3, 6, 9, 12, 15, 
          18, 21, 1, 4 ], 
      [ 5, 8, 11, 14, 17, 20, 23, 3, 6, 9, 12, 15, 18, 21, 1, 4, 7, 10, 13, 
          16, 19, 22, 2 ], 
      [ 3, 6, 9, 12, 15, 18, 21, 1, 4, 7, 10, 13, 16, 19, 22, 2, 5, 8, 11, 
          14, 17, 20, 23 ] ],
  ordFix := 1,
  ordf := 11,
  psi := GroupHomomorphismByImages( Group( 
    [ ( 1, 2, 3, 4, 5, 6, 7, 8, 9,10,11,12,13,14,15,16,17,18,19,20,21,22,23) 
     ] ), Group( 
    [ ( 1, 2, 3, 4, 5, 6, 7, 8, 9,10,11,12,13,14,15,16,17,18,19,20,21,22,23) 
     ] ), 
    [ ( 1, 2, 3, 4, 5, 6, 7, 8, 9,10,11,12,13,14,15,16,17,18,19,20,21,22,23) 
     ], 
    [ ( 1, 4, 7,10,13,16,19,22, 2, 5, 8,11,14,17,20,23, 3, 6, 9,12,15,18,21) 
     ] ) ),
# No.4
rec(
  G := 
   Group( 
    [ ( 1, 2, 3, 4, 5, 6, 7, 8, 9,10,11,12,13,14,15,16,17,18,19,20,21,22,23) 
     ] ),
  isConnected := true,
  matrix := 
   [ [ 1, 5, 9, 13, 17, 21, 2, 6, 10, 14, 18, 22, 3, 7, 11, 15, 19, 23, 4, 8, 
          12, 16, 20 ], 
      [ 21, 2, 6, 10, 14, 18, 22, 3, 7, 11, 15, 19, 23, 4, 8, 12, 16, 20, 1, 
          5, 9, 13, 17 ], 
      [ 18, 22, 3, 7, 11, 15, 19, 23, 4, 8, 12, 16, 20, 1, 5, 9, 13, 17, 21, 
          2, 6, 10, 14 ], 
      [ 15, 19, 23, 4, 8, 12, 16, 20, 1, 5, 9, 13, 17, 21, 2, 6, 10, 14, 18, 
          22, 3, 7, 11 ], 
      [ 12, 16, 20, 1, 5, 9, 13, 17, 21, 2, 6, 10, 14, 18, 22, 3, 7, 11, 15, 
          19, 23, 4, 8 ], 
      [ 9, 13, 17, 21, 2, 6, 10, 14, 18, 22, 3, 7, 11, 15, 19, 23, 4, 8, 12, 
          16, 20, 1, 5 ], 
      [ 6, 10, 14, 18, 22, 3, 7, 11, 15, 19, 23, 4, 8, 12, 16, 20, 1, 5, 9, 
          13, 17, 21, 2 ], 
      [ 3, 7, 11, 15, 19, 23, 4, 8, 12, 16, 20, 1, 5, 9, 13, 17, 21, 2, 6, 
          10, 14, 18, 22 ], 
      [ 23, 4, 8, 12, 16, 20, 1, 5, 9, 13, 17, 21, 2, 6, 10, 14, 18, 22, 3, 
          7, 11, 15, 19 ], 
      [ 20, 1, 5, 9, 13, 17, 21, 2, 6, 10, 14, 18, 22, 3, 7, 11, 15, 19, 23, 
          4, 8, 12, 16 ], 
      [ 17, 21, 2, 6, 10, 14, 18, 22, 3, 7, 11, 15, 19, 23, 4, 8, 12, 16, 20, 
          1, 5, 9, 13 ], 
      [ 14, 18, 22, 3, 7, 11, 15, 19, 23, 4, 8, 12, 16, 20, 1, 5, 9, 13, 17, 
          21, 2, 6, 10 ], 
      [ 11, 15, 19, 23, 4, 8, 12, 16, 20, 1, 5, 9, 13, 17, 21, 2, 6, 10, 14, 
          18, 22, 3, 7 ], 
      [ 8, 12, 16, 20, 1, 5, 9, 13, 17, 21, 2, 6, 10, 14, 18, 22, 3, 7, 11, 
          15, 19, 23, 4 ], 
      [ 5, 9, 13, 17, 21, 2, 6, 10, 14, 18, 22, 3, 7, 11, 15, 19, 23, 4, 8, 
          12, 16, 20, 1 ], 
      [ 2, 6, 10, 14, 18, 22, 3, 7, 11, 15, 19, 23, 4, 8, 12, 16, 20, 1, 5, 
          9, 13, 17, 21 ], 
      [ 22, 3, 7, 11, 15, 19, 23, 4, 8, 12, 16, 20, 1, 5, 9, 13, 17, 21, 2, 
          6, 10, 14, 18 ], 
      [ 19, 23, 4, 8, 12, 16, 20, 1, 5, 9, 13, 17, 21, 2, 6, 10, 14, 18, 22, 
          3, 7, 11, 15 ], 
      [ 16, 20, 1, 5, 9, 13, 17, 21, 2, 6, 10, 14, 18, 22, 3, 7, 11, 15, 19, 
          23, 4, 8, 12 ], 
      [ 13, 17, 21, 2, 6, 10, 14, 18, 22, 3, 7, 11, 15, 19, 23, 4, 8, 12, 16, 
          20, 1, 5, 9 ], 
      [ 10, 14, 18, 22, 3, 7, 11, 15, 19, 23, 4, 8, 12, 16, 20, 1, 5, 9, 13, 
          17, 21, 2, 6 ], 
      [ 7, 11, 15, 19, 23, 4, 8, 12, 16, 20, 1, 5, 9, 13, 17, 21, 2, 6, 10, 
          14, 18, 22, 3 ], 
      [ 4, 8, 12, 16, 20, 1, 5, 9, 13, 17, 21, 2, 6, 10, 14, 18, 22, 3, 7, 
          11, 15, 19, 23 ] ],
  ordFix := 1,
  ordf := 11,
  psi := GroupHomomorphismByImages( Group( 
    [ ( 1, 2, 3, 4, 5, 6, 7, 8, 9,10,11,12,13,14,15,16,17,18,19,20,21,22,23) 
     ] ), Group( 
    [ ( 1, 2, 3, 4, 5, 6, 7, 8, 9,10,11,12,13,14,15,16,17,18,19,20,21,22,23) 
     ] ), 
    [ ( 1, 2, 3, 4, 5, 6, 7, 8, 9,10,11,12,13,14,15,16,17,18,19,20,21,22,23) 
     ], 
    [ ( 1, 5, 9,13,17,21, 2, 6,10,14,18,22, 3, 7,11,15,19,23, 4, 8,12,16,20) 
     ] ) ),
# No.5
rec(
  G := 
   Group( 
    [ ( 1, 2, 3, 4, 5, 6, 7, 8, 9,10,11,12,13,14,15,16,17,18,19,20,21,22,23) 
     ] ),
  isConnected := true,
  matrix := 
   [ [ 1, 6, 11, 16, 21, 3, 8, 13, 18, 23, 5, 10, 15, 20, 2, 7, 12, 17, 22, 
          4, 9, 14, 19 ], 
      [ 20, 2, 7, 12, 17, 22, 4, 9, 14, 19, 1, 6, 11, 16, 21, 3, 8, 13, 18, 
          23, 5, 10, 15 ], 
      [ 16, 21, 3, 8, 13, 18, 23, 5, 10, 15, 20, 2, 7, 12, 17, 22, 4, 9, 14, 
          19, 1, 6, 11 ], 
      [ 12, 17, 22, 4, 9, 14, 19, 1, 6, 11, 16, 21, 3, 8, 13, 18, 23, 5, 10, 
          15, 20, 2, 7 ], 
      [ 8, 13, 18, 23, 5, 10, 15, 20, 2, 7, 12, 17, 22, 4, 9, 14, 19, 1, 6, 
          11, 16, 21, 3 ], 
      [ 4, 9, 14, 19, 1, 6, 11, 16, 21, 3, 8, 13, 18, 23, 5, 10, 15, 20, 2, 
          7, 12, 17, 22 ], 
      [ 23, 5, 10, 15, 20, 2, 7, 12, 17, 22, 4, 9, 14, 19, 1, 6, 11, 16, 21, 
          3, 8, 13, 18 ], 
      [ 19, 1, 6, 11, 16, 21, 3, 8, 13, 18, 23, 5, 10, 15, 20, 2, 7, 12, 17, 
          22, 4, 9, 14 ], 
      [ 15, 20, 2, 7, 12, 17, 22, 4, 9, 14, 19, 1, 6, 11, 16, 21, 3, 8, 13, 
          18, 23, 5, 10 ], 
      [ 11, 16, 21, 3, 8, 13, 18, 23, 5, 10, 15, 20, 2, 7, 12, 17, 22, 4, 9, 
          14, 19, 1, 6 ], 
      [ 7, 12, 17, 22, 4, 9, 14, 19, 1, 6, 11, 16, 21, 3, 8, 13, 18, 23, 5, 
          10, 15, 20, 2 ], 
      [ 3, 8, 13, 18, 23, 5, 10, 15, 20, 2, 7, 12, 17, 22, 4, 9, 14, 19, 1, 
          6, 11, 16, 21 ], 
      [ 22, 4, 9, 14, 19, 1, 6, 11, 16, 21, 3, 8, 13, 18, 23, 5, 10, 15, 20, 
          2, 7, 12, 17 ], 
      [ 18, 23, 5, 10, 15, 20, 2, 7, 12, 17, 22, 4, 9, 14, 19, 1, 6, 11, 16, 
          21, 3, 8, 13 ], 
      [ 14, 19, 1, 6, 11, 16, 21, 3, 8, 13, 18, 23, 5, 10, 15, 20, 2, 7, 12, 
          17, 22, 4, 9 ], 
      [ 10, 15, 20, 2, 7, 12, 17, 22, 4, 9, 14, 19, 1, 6, 11, 16, 21, 3, 8, 
          13, 18, 23, 5 ], 
      [ 6, 11, 16, 21, 3, 8, 13, 18, 23, 5, 10, 15, 20, 2, 7, 12, 17, 22, 4, 
          9, 14, 19, 1 ], 
      [ 2, 7, 12, 17, 22, 4, 9, 14, 19, 1, 6, 11, 16, 21, 3, 8, 13, 18, 23, 
          5, 10, 15, 20 ], 
      [ 21, 3, 8, 13, 18, 23, 5, 10, 15, 20, 2, 7, 12, 17, 22, 4, 9, 14, 19, 
          1, 6, 11, 16 ], 
      [ 17, 22, 4, 9, 14, 19, 1, 6, 11, 16, 21, 3, 8, 13, 18, 23, 5, 10, 15, 
          20, 2, 7, 12 ], 
      [ 13, 18, 23, 5, 10, 15, 20, 2, 7, 12, 17, 22, 4, 9, 14, 19, 1, 6, 11, 
          16, 21, 3, 8 ], 
      [ 9, 14, 19, 1, 6, 11, 16, 21, 3, 8, 13, 18, 23, 5, 10, 15, 20, 2, 7, 
          12, 17, 22, 4 ], 
      [ 5, 10, 15, 20, 2, 7, 12, 17, 22, 4, 9, 14, 19, 1, 6, 11, 16, 21, 3, 
          8, 13, 18, 23 ] ],
  ordFix := 1,
  ordf := 22,
  psi := GroupHomomorphismByImages( Group( 
    [ ( 1, 2, 3, 4, 5, 6, 7, 8, 9,10,11,12,13,14,15,16,17,18,19,20,21,22,23) 
     ] ), Group( 
    [ ( 1, 2, 3, 4, 5, 6, 7, 8, 9,10,11,12,13,14,15,16,17,18,19,20,21,22,23) 
     ] ), 
    [ ( 1, 2, 3, 4, 5, 6, 7, 8, 9,10,11,12,13,14,15,16,17,18,19,20,21,22,23) 
     ], 
    [ ( 1, 6,11,16,21, 3, 8,13,18,23, 5,10,15,20, 2, 7,12,17,22, 4, 9,14,19) 
     ] ) ),
# No.6
rec(
  G := 
   Group( 
    [ ( 1, 2, 3, 4, 5, 6, 7, 8, 9,10,11,12,13,14,15,16,17,18,19,20,21,22,23) 
     ] ),
  isConnected := true,
  matrix := 
   [ [ 1, 7, 13, 19, 2, 8, 14, 20, 3, 9, 15, 21, 4, 10, 16, 22, 5, 11, 17, 
          23, 6, 12, 18 ], 
      [ 19, 2, 8, 14, 20, 3, 9, 15, 21, 4, 10, 16, 22, 5, 11, 17, 23, 6, 12, 
          18, 1, 7, 13 ], 
      [ 14, 20, 3, 9, 15, 21, 4, 10, 16, 22, 5, 11, 17, 23, 6, 12, 18, 1, 7, 
          13, 19, 2, 8 ], 
      [ 9, 15, 21, 4, 10, 16, 22, 5, 11, 17, 23, 6, 12, 18, 1, 7, 13, 19, 2, 
          8, 14, 20, 3 ], 
      [ 4, 10, 16, 22, 5, 11, 17, 23, 6, 12, 18, 1, 7, 13, 19, 2, 8, 14, 20, 
          3, 9, 15, 21 ], 
      [ 22, 5, 11, 17, 23, 6, 12, 18, 1, 7, 13, 19, 2, 8, 14, 20, 3, 9, 15, 
          21, 4, 10, 16 ], 
      [ 17, 23, 6, 12, 18, 1, 7, 13, 19, 2, 8, 14, 20, 3, 9, 15, 21, 4, 10, 
          16, 22, 5, 11 ], 
      [ 12, 18, 1, 7, 13, 19, 2, 8, 14, 20, 3, 9, 15, 21, 4, 10, 16, 22, 5, 
          11, 17, 23, 6 ], 
      [ 7, 13, 19, 2, 8, 14, 20, 3, 9, 15, 21, 4, 10, 16, 22, 5, 11, 17, 23, 
          6, 12, 18, 1 ], 
      [ 2, 8, 14, 20, 3, 9, 15, 21, 4, 10, 16, 22, 5, 11, 17, 23, 6, 12, 18, 
          1, 7, 13, 19 ], 
      [ 20, 3, 9, 15, 21, 4, 10, 16, 22, 5, 11, 17, 23, 6, 12, 18, 1, 7, 13, 
          19, 2, 8, 14 ], 
      [ 15, 21, 4, 10, 16, 22, 5, 11, 17, 23, 6, 12, 18, 1, 7, 13, 19, 2, 8, 
          14, 20, 3, 9 ], 
      [ 10, 16, 22, 5, 11, 17, 23, 6, 12, 18, 1, 7, 13, 19, 2, 8, 14, 20, 3, 
          9, 15, 21, 4 ], 
      [ 5, 11, 17, 23, 6, 12, 18, 1, 7, 13, 19, 2, 8, 14, 20, 3, 9, 15, 21, 
          4, 10, 16, 22 ], 
      [ 23, 6, 12, 18, 1, 7, 13, 19, 2, 8, 14, 20, 3, 9, 15, 21, 4, 10, 16, 
          22, 5, 11, 17 ], 
      [ 18, 1, 7, 13, 19, 2, 8, 14, 20, 3, 9, 15, 21, 4, 10, 16, 22, 5, 11, 
          17, 23, 6, 12 ], 
      [ 13, 19, 2, 8, 14, 20, 3, 9, 15, 21, 4, 10, 16, 22, 5, 11, 17, 23, 6, 
          12, 18, 1, 7 ], 
      [ 8, 14, 20, 3, 9, 15, 21, 4, 10, 16, 22, 5, 11, 17, 23, 6, 12, 18, 1, 
          7, 13, 19, 2 ], 
      [ 3, 9, 15, 21, 4, 10, 16, 22, 5, 11, 17, 23, 6, 12, 18, 1, 7, 13, 19, 
          2, 8, 14, 20 ], 
      [ 21, 4, 10, 16, 22, 5, 11, 17, 23, 6, 12, 18, 1, 7, 13, 19, 2, 8, 14, 
          20, 3, 9, 15 ], 
      [ 16, 22, 5, 11, 17, 23, 6, 12, 18, 1, 7, 13, 19, 2, 8, 14, 20, 3, 9, 
          15, 21, 4, 10 ], 
      [ 11, 17, 23, 6, 12, 18, 1, 7, 13, 19, 2, 8, 14, 20, 3, 9, 15, 21, 4, 
          10, 16, 22, 5 ], 
      [ 6, 12, 18, 1, 7, 13, 19, 2, 8, 14, 20, 3, 9, 15, 21, 4, 10, 16, 22, 
          5, 11, 17, 23 ] ],
  ordFix := 1,
  ordf := 11,
  psi := GroupHomomorphismByImages( Group( 
    [ ( 1, 2, 3, 4, 5, 6, 7, 8, 9,10,11,12,13,14,15,16,17,18,19,20,21,22,23) 
     ] ), Group( 
    [ ( 1, 2, 3, 4, 5, 6, 7, 8, 9,10,11,12,13,14,15,16,17,18,19,20,21,22,23) 
     ] ), 
    [ ( 1, 2, 3, 4, 5, 6, 7, 8, 9,10,11,12,13,14,15,16,17,18,19,20,21,22,23) 
     ], 
    [ ( 1, 7,13,19, 2, 8,14,20, 3, 9,15,21, 4,10,16,22, 5,11,17,23, 6,12,18) 
     ] ) ),
# No.7
rec(
  G := 
   Group( 
    [ ( 1, 2, 3, 4, 5, 6, 7, 8, 9,10,11,12,13,14,15,16,17,18,19,20,21,22,23) 
     ] ),
  isConnected := true,
  matrix := 
   [ [ 1, 8, 15, 22, 6, 13, 20, 4, 11, 18, 2, 9, 16, 23, 7, 14, 21, 5, 12, 
          19, 3, 10, 17 ], 
      [ 18, 2, 9, 16, 23, 7, 14, 21, 5, 12, 19, 3, 10, 17, 1, 8, 15, 22, 6, 
          13, 20, 4, 11 ], 
      [ 12, 19, 3, 10, 17, 1, 8, 15, 22, 6, 13, 20, 4, 11, 18, 2, 9, 16, 23, 
          7, 14, 21, 5 ], 
      [ 6, 13, 20, 4, 11, 18, 2, 9, 16, 23, 7, 14, 21, 5, 12, 19, 3, 10, 17, 
          1, 8, 15, 22 ], 
      [ 23, 7, 14, 21, 5, 12, 19, 3, 10, 17, 1, 8, 15, 22, 6, 13, 20, 4, 11, 
          18, 2, 9, 16 ], 
      [ 17, 1, 8, 15, 22, 6, 13, 20, 4, 11, 18, 2, 9, 16, 23, 7, 14, 21, 5, 
          12, 19, 3, 10 ], 
      [ 11, 18, 2, 9, 16, 23, 7, 14, 21, 5, 12, 19, 3, 10, 17, 1, 8, 15, 22, 
          6, 13, 20, 4 ], 
      [ 5, 12, 19, 3, 10, 17, 1, 8, 15, 22, 6, 13, 20, 4, 11, 18, 2, 9, 16, 
          23, 7, 14, 21 ], 
      [ 22, 6, 13, 20, 4, 11, 18, 2, 9, 16, 23, 7, 14, 21, 5, 12, 19, 3, 10, 
          17, 1, 8, 15 ], 
      [ 16, 23, 7, 14, 21, 5, 12, 19, 3, 10, 17, 1, 8, 15, 22, 6, 13, 20, 4, 
          11, 18, 2, 9 ], 
      [ 10, 17, 1, 8, 15, 22, 6, 13, 20, 4, 11, 18, 2, 9, 16, 23, 7, 14, 21, 
          5, 12, 19, 3 ], 
      [ 4, 11, 18, 2, 9, 16, 23, 7, 14, 21, 5, 12, 19, 3, 10, 17, 1, 8, 15, 
          22, 6, 13, 20 ], 
      [ 21, 5, 12, 19, 3, 10, 17, 1, 8, 15, 22, 6, 13, 20, 4, 11, 18, 2, 9, 
          16, 23, 7, 14 ], 
      [ 15, 22, 6, 13, 20, 4, 11, 18, 2, 9, 16, 23, 7, 14, 21, 5, 12, 19, 3, 
          10, 17, 1, 8 ], 
      [ 9, 16, 23, 7, 14, 21, 5, 12, 19, 3, 10, 17, 1, 8, 15, 22, 6, 13, 20, 
          4, 11, 18, 2 ], 
      [ 3, 10, 17, 1, 8, 15, 22, 6, 13, 20, 4, 11, 18, 2, 9, 16, 23, 7, 14, 
          21, 5, 12, 19 ], 
      [ 20, 4, 11, 18, 2, 9, 16, 23, 7, 14, 21, 5, 12, 19, 3, 10, 17, 1, 8, 
          15, 22, 6, 13 ], 
      [ 14, 21, 5, 12, 19, 3, 10, 17, 1, 8, 15, 22, 6, 13, 20, 4, 11, 18, 2, 
          9, 16, 23, 7 ], 
      [ 8, 15, 22, 6, 13, 20, 4, 11, 18, 2, 9, 16, 23, 7, 14, 21, 5, 12, 19, 
          3, 10, 17, 1 ], 
      [ 2, 9, 16, 23, 7, 14, 21, 5, 12, 19, 3, 10, 17, 1, 8, 15, 22, 6, 13, 
          20, 4, 11, 18 ], 
      [ 19, 3, 10, 17, 1, 8, 15, 22, 6, 13, 20, 4, 11, 18, 2, 9, 16, 23, 7, 
          14, 21, 5, 12 ], 
      [ 13, 20, 4, 11, 18, 2, 9, 16, 23, 7, 14, 21, 5, 12, 19, 3, 10, 17, 1, 
          8, 15, 22, 6 ], 
      [ 7, 14, 21, 5, 12, 19, 3, 10, 17, 1, 8, 15, 22, 6, 13, 20, 4, 11, 18, 
          2, 9, 16, 23 ] ],
  ordFix := 1,
  ordf := 22,
  psi := GroupHomomorphismByImages( Group( 
    [ ( 1, 2, 3, 4, 5, 6, 7, 8, 9,10,11,12,13,14,15,16,17,18,19,20,21,22,23) 
     ] ), Group( 
    [ ( 1, 2, 3, 4, 5, 6, 7, 8, 9,10,11,12,13,14,15,16,17,18,19,20,21,22,23) 
     ] ), 
    [ ( 1, 2, 3, 4, 5, 6, 7, 8, 9,10,11,12,13,14,15,16,17,18,19,20,21,22,23) 
     ], 
    [ ( 1, 8,15,22, 6,13,20, 4,11,18, 2, 9,16,23, 7,14,21, 5,12,19, 3,10,17) 
     ] ) ),
# No.8
rec(
  G := 
   Group( 
    [ ( 1, 2, 3, 4, 5, 6, 7, 8, 9,10,11,12,13,14,15,16,17,18,19,20,21,22,23) 
     ] ),
  isConnected := true,
  matrix := 
   [ [ 1, 9, 17, 2, 10, 18, 3, 11, 19, 4, 12, 20, 5, 13, 21, 6, 14, 22, 7, 
          15, 23, 8, 16 ], 
      [ 17, 2, 10, 18, 3, 11, 19, 4, 12, 20, 5, 13, 21, 6, 14, 22, 7, 15, 23, 
          8, 16, 1, 9 ], 
      [ 10, 18, 3, 11, 19, 4, 12, 20, 5, 13, 21, 6, 14, 22, 7, 15, 23, 8, 16, 
          1, 9, 17, 2 ], 
      [ 3, 11, 19, 4, 12, 20, 5, 13, 21, 6, 14, 22, 7, 15, 23, 8, 16, 1, 9, 
          17, 2, 10, 18 ], 
      [ 19, 4, 12, 20, 5, 13, 21, 6, 14, 22, 7, 15, 23, 8, 16, 1, 9, 17, 2, 
          10, 18, 3, 11 ], 
      [ 12, 20, 5, 13, 21, 6, 14, 22, 7, 15, 23, 8, 16, 1, 9, 17, 2, 10, 18, 
          3, 11, 19, 4 ], 
      [ 5, 13, 21, 6, 14, 22, 7, 15, 23, 8, 16, 1, 9, 17, 2, 10, 18, 3, 11, 
          19, 4, 12, 20 ], 
      [ 21, 6, 14, 22, 7, 15, 23, 8, 16, 1, 9, 17, 2, 10, 18, 3, 11, 19, 4, 
          12, 20, 5, 13 ], 
      [ 14, 22, 7, 15, 23, 8, 16, 1, 9, 17, 2, 10, 18, 3, 11, 19, 4, 12, 20, 
          5, 13, 21, 6 ], 
      [ 7, 15, 23, 8, 16, 1, 9, 17, 2, 10, 18, 3, 11, 19, 4, 12, 20, 5, 13, 
          21, 6, 14, 22 ], 
      [ 23, 8, 16, 1, 9, 17, 2, 10, 18, 3, 11, 19, 4, 12, 20, 5, 13, 21, 6, 
          14, 22, 7, 15 ], 
      [ 16, 1, 9, 17, 2, 10, 18, 3, 11, 19, 4, 12, 20, 5, 13, 21, 6, 14, 22, 
          7, 15, 23, 8 ], 
      [ 9, 17, 2, 10, 18, 3, 11, 19, 4, 12, 20, 5, 13, 21, 6, 14, 22, 7, 15, 
          23, 8, 16, 1 ], 
      [ 2, 10, 18, 3, 11, 19, 4, 12, 20, 5, 13, 21, 6, 14, 22, 7, 15, 23, 8, 
          16, 1, 9, 17 ], 
      [ 18, 3, 11, 19, 4, 12, 20, 5, 13, 21, 6, 14, 22, 7, 15, 23, 8, 16, 1, 
          9, 17, 2, 10 ], 
      [ 11, 19, 4, 12, 20, 5, 13, 21, 6, 14, 22, 7, 15, 23, 8, 16, 1, 9, 17, 
          2, 10, 18, 3 ], 
      [ 4, 12, 20, 5, 13, 21, 6, 14, 22, 7, 15, 23, 8, 16, 1, 9, 17, 2, 10, 
          18, 3, 11, 19 ], 
      [ 20, 5, 13, 21, 6, 14, 22, 7, 15, 23, 8, 16, 1, 9, 17, 2, 10, 18, 3, 
          11, 19, 4, 12 ], 
      [ 13, 21, 6, 14, 22, 7, 15, 23, 8, 16, 1, 9, 17, 2, 10, 18, 3, 11, 19, 
          4, 12, 20, 5 ], 
      [ 6, 14, 22, 7, 15, 23, 8, 16, 1, 9, 17, 2, 10, 18, 3, 11, 19, 4, 12, 
          20, 5, 13, 21 ], 
      [ 22, 7, 15, 23, 8, 16, 1, 9, 17, 2, 10, 18, 3, 11, 19, 4, 12, 20, 5, 
          13, 21, 6, 14 ], 
      [ 15, 23, 8, 16, 1, 9, 17, 2, 10, 18, 3, 11, 19, 4, 12, 20, 5, 13, 21, 
          6, 14, 22, 7 ], 
      [ 8, 16, 1, 9, 17, 2, 10, 18, 3, 11, 19, 4, 12, 20, 5, 13, 21, 6, 14, 
          22, 7, 15, 23 ] ],
  ordFix := 1,
  ordf := 11,
  psi := GroupHomomorphismByImages( Group( 
    [ ( 1, 2, 3, 4, 5, 6, 7, 8, 9,10,11,12,13,14,15,16,17,18,19,20,21,22,23) 
     ] ), Group( 
    [ ( 1, 2, 3, 4, 5, 6, 7, 8, 9,10,11,12,13,14,15,16,17,18,19,20,21,22,23) 
     ] ), 
    [ ( 1, 2, 3, 4, 5, 6, 7, 8, 9,10,11,12,13,14,15,16,17,18,19,20,21,22,23) 
     ], 
    [ ( 1, 9,17, 2,10,18, 3,11,19, 4,12,20, 5,13,21, 6,14,22, 7,15,23, 8,16) 
     ] ) ),
# No.9
rec(
  G := 
   Group( 
    [ ( 1, 2, 3, 4, 5, 6, 7, 8, 9,10,11,12,13,14,15,16,17,18,19,20,21,22,23) 
     ] ),
  isConnected := true,
  matrix := 
   [ [ 1, 10, 19, 5, 14, 23, 9, 18, 4, 13, 22, 8, 17, 3, 12, 21, 7, 16, 2, 
          11, 20, 6, 15 ], 
      [ 16, 2, 11, 20, 6, 15, 1, 10, 19, 5, 14, 23, 9, 18, 4, 13, 22, 8, 17, 
          3, 12, 21, 7 ], 
      [ 8, 17, 3, 12, 21, 7, 16, 2, 11, 20, 6, 15, 1, 10, 19, 5, 14, 23, 9, 
          18, 4, 13, 22 ], 
      [ 23, 9, 18, 4, 13, 22, 8, 17, 3, 12, 21, 7, 16, 2, 11, 20, 6, 15, 1, 
          10, 19, 5, 14 ], 
      [ 15, 1, 10, 19, 5, 14, 23, 9, 18, 4, 13, 22, 8, 17, 3, 12, 21, 7, 16, 
          2, 11, 20, 6 ], 
      [ 7, 16, 2, 11, 20, 6, 15, 1, 10, 19, 5, 14, 23, 9, 18, 4, 13, 22, 8, 
          17, 3, 12, 21 ], 
      [ 22, 8, 17, 3, 12, 21, 7, 16, 2, 11, 20, 6, 15, 1, 10, 19, 5, 14, 23, 
          9, 18, 4, 13 ], 
      [ 14, 23, 9, 18, 4, 13, 22, 8, 17, 3, 12, 21, 7, 16, 2, 11, 20, 6, 15, 
          1, 10, 19, 5 ], 
      [ 6, 15, 1, 10, 19, 5, 14, 23, 9, 18, 4, 13, 22, 8, 17, 3, 12, 21, 7, 
          16, 2, 11, 20 ], 
      [ 21, 7, 16, 2, 11, 20, 6, 15, 1, 10, 19, 5, 14, 23, 9, 18, 4, 13, 22, 
          8, 17, 3, 12 ], 
      [ 13, 22, 8, 17, 3, 12, 21, 7, 16, 2, 11, 20, 6, 15, 1, 10, 19, 5, 14, 
          23, 9, 18, 4 ], 
      [ 5, 14, 23, 9, 18, 4, 13, 22, 8, 17, 3, 12, 21, 7, 16, 2, 11, 20, 6, 
          15, 1, 10, 19 ], 
      [ 20, 6, 15, 1, 10, 19, 5, 14, 23, 9, 18, 4, 13, 22, 8, 17, 3, 12, 21, 
          7, 16, 2, 11 ], 
      [ 12, 21, 7, 16, 2, 11, 20, 6, 15, 1, 10, 19, 5, 14, 23, 9, 18, 4, 13, 
          22, 8, 17, 3 ], 
      [ 4, 13, 22, 8, 17, 3, 12, 21, 7, 16, 2, 11, 20, 6, 15, 1, 10, 19, 5, 
          14, 23, 9, 18 ], 
      [ 19, 5, 14, 23, 9, 18, 4, 13, 22, 8, 17, 3, 12, 21, 7, 16, 2, 11, 20, 
          6, 15, 1, 10 ], 
      [ 11, 20, 6, 15, 1, 10, 19, 5, 14, 23, 9, 18, 4, 13, 22, 8, 17, 3, 12, 
          21, 7, 16, 2 ], 
      [ 3, 12, 21, 7, 16, 2, 11, 20, 6, 15, 1, 10, 19, 5, 14, 23, 9, 18, 4, 
          13, 22, 8, 17 ], 
      [ 18, 4, 13, 22, 8, 17, 3, 12, 21, 7, 16, 2, 11, 20, 6, 15, 1, 10, 19, 
          5, 14, 23, 9 ], 
      [ 10, 19, 5, 14, 23, 9, 18, 4, 13, 22, 8, 17, 3, 12, 21, 7, 16, 2, 11, 
          20, 6, 15, 1 ], 
      [ 2, 11, 20, 6, 15, 1, 10, 19, 5, 14, 23, 9, 18, 4, 13, 22, 8, 17, 3, 
          12, 21, 7, 16 ], 
      [ 17, 3, 12, 21, 7, 16, 2, 11, 20, 6, 15, 1, 10, 19, 5, 14, 23, 9, 18, 
          4, 13, 22, 8 ], 
      [ 9, 18, 4, 13, 22, 8, 17, 3, 12, 21, 7, 16, 2, 11, 20, 6, 15, 1, 10, 
          19, 5, 14, 23 ] ],
  ordFix := 1,
  ordf := 11,
  psi := GroupHomomorphismByImages( Group( 
    [ ( 1, 2, 3, 4, 5, 6, 7, 8, 9,10,11,12,13,14,15,16,17,18,19,20,21,22,23) 
     ] ), Group( 
    [ ( 1, 2, 3, 4, 5, 6, 7, 8, 9,10,11,12,13,14,15,16,17,18,19,20,21,22,23) 
     ] ), 
    [ ( 1, 2, 3, 4, 5, 6, 7, 8, 9,10,11,12,13,14,15,16,17,18,19,20,21,22,23) 
     ], 
    [ ( 1,10,19, 5,14,23, 9,18, 4,13,22, 8,17, 3,12,21, 7,16, 2,11,20, 6,15) 
     ] ) ),
# No.10
rec(
  G := 
   Group( 
    [ ( 1, 2, 3, 4, 5, 6, 7, 8, 9,10,11,12,13,14,15,16,17,18,19,20,21,22,23) 
     ] ),
  isConnected := true,
  matrix := 
   [ [ 1, 11, 21, 8, 18, 5, 15, 2, 12, 22, 9, 19, 6, 16, 3, 13, 23, 10, 20, 
          7, 17, 4, 14 ], 
      [ 15, 2, 12, 22, 9, 19, 6, 16, 3, 13, 23, 10, 20, 7, 17, 4, 14, 1, 11, 
          21, 8, 18, 5 ], 
      [ 6, 16, 3, 13, 23, 10, 20, 7, 17, 4, 14, 1, 11, 21, 8, 18, 5, 15, 2, 
          12, 22, 9, 19 ], 
      [ 20, 7, 17, 4, 14, 1, 11, 21, 8, 18, 5, 15, 2, 12, 22, 9, 19, 6, 16, 
          3, 13, 23, 10 ], 
      [ 11, 21, 8, 18, 5, 15, 2, 12, 22, 9, 19, 6, 16, 3, 13, 23, 10, 20, 7, 
          17, 4, 14, 1 ], 
      [ 2, 12, 22, 9, 19, 6, 16, 3, 13, 23, 10, 20, 7, 17, 4, 14, 1, 11, 21, 
          8, 18, 5, 15 ], 
      [ 16, 3, 13, 23, 10, 20, 7, 17, 4, 14, 1, 11, 21, 8, 18, 5, 15, 2, 12, 
          22, 9, 19, 6 ], 
      [ 7, 17, 4, 14, 1, 11, 21, 8, 18, 5, 15, 2, 12, 22, 9, 19, 6, 16, 3, 
          13, 23, 10, 20 ], 
      [ 21, 8, 18, 5, 15, 2, 12, 22, 9, 19, 6, 16, 3, 13, 23, 10, 20, 7, 17, 
          4, 14, 1, 11 ], 
      [ 12, 22, 9, 19, 6, 16, 3, 13, 23, 10, 20, 7, 17, 4, 14, 1, 11, 21, 8, 
          18, 5, 15, 2 ], 
      [ 3, 13, 23, 10, 20, 7, 17, 4, 14, 1, 11, 21, 8, 18, 5, 15, 2, 12, 22, 
          9, 19, 6, 16 ], 
      [ 17, 4, 14, 1, 11, 21, 8, 18, 5, 15, 2, 12, 22, 9, 19, 6, 16, 3, 13, 
          23, 10, 20, 7 ], 
      [ 8, 18, 5, 15, 2, 12, 22, 9, 19, 6, 16, 3, 13, 23, 10, 20, 7, 17, 4, 
          14, 1, 11, 21 ], 
      [ 22, 9, 19, 6, 16, 3, 13, 23, 10, 20, 7, 17, 4, 14, 1, 11, 21, 8, 18, 
          5, 15, 2, 12 ], 
      [ 13, 23, 10, 20, 7, 17, 4, 14, 1, 11, 21, 8, 18, 5, 15, 2, 12, 22, 9, 
          19, 6, 16, 3 ], 
      [ 4, 14, 1, 11, 21, 8, 18, 5, 15, 2, 12, 22, 9, 19, 6, 16, 3, 13, 23, 
          10, 20, 7, 17 ], 
      [ 18, 5, 15, 2, 12, 22, 9, 19, 6, 16, 3, 13, 23, 10, 20, 7, 17, 4, 14, 
          1, 11, 21, 8 ], 
      [ 9, 19, 6, 16, 3, 13, 23, 10, 20, 7, 17, 4, 14, 1, 11, 21, 8, 18, 5, 
          15, 2, 12, 22 ], 
      [ 23, 10, 20, 7, 17, 4, 14, 1, 11, 21, 8, 18, 5, 15, 2, 12, 22, 9, 19, 
          6, 16, 3, 13 ], 
      [ 14, 1, 11, 21, 8, 18, 5, 15, 2, 12, 22, 9, 19, 6, 16, 3, 13, 23, 10, 
          20, 7, 17, 4 ], 
      [ 5, 15, 2, 12, 22, 9, 19, 6, 16, 3, 13, 23, 10, 20, 7, 17, 4, 14, 1, 
          11, 21, 8, 18 ], 
      [ 19, 6, 16, 3, 13, 23, 10, 20, 7, 17, 4, 14, 1, 11, 21, 8, 18, 5, 15, 
          2, 12, 22, 9 ], 
      [ 10, 20, 7, 17, 4, 14, 1, 11, 21, 8, 18, 5, 15, 2, 12, 22, 9, 19, 6, 
          16, 3, 13, 23 ] ],
  ordFix := 1,
  ordf := 22,
  psi := GroupHomomorphismByImages( Group( 
    [ ( 1, 2, 3, 4, 5, 6, 7, 8, 9,10,11,12,13,14,15,16,17,18,19,20,21,22,23) 
     ] ), Group( 
    [ ( 1, 2, 3, 4, 5, 6, 7, 8, 9,10,11,12,13,14,15,16,17,18,19,20,21,22,23) 
     ] ), 
    [ ( 1, 2, 3, 4, 5, 6, 7, 8, 9,10,11,12,13,14,15,16,17,18,19,20,21,22,23) 
     ], 
    [ ( 1,11,21, 8,18, 5,15, 2,12,22, 9,19, 6,16, 3,13,23,10,20, 7,17, 4,14) 
     ] ) ),
# No.11
rec(
  G := 
   Group( 
    [ ( 1, 2, 3, 4, 5, 6, 7, 8, 9,10,11,12,13,14,15,16,17,18,19,20,21,22,23) 
     ] ),
  isConnected := true,
  matrix := 
   [ [ 1, 12, 23, 11, 22, 10, 21, 9, 20, 8, 19, 7, 18, 6, 17, 5, 16, 4, 15, 
          3, 14, 2, 13 ], 
      [ 14, 2, 13, 1, 12, 23, 11, 22, 10, 21, 9, 20, 8, 19, 7, 18, 6, 17, 5, 
          16, 4, 15, 3 ], 
      [ 4, 15, 3, 14, 2, 13, 1, 12, 23, 11, 22, 10, 21, 9, 20, 8, 19, 7, 18, 
          6, 17, 5, 16 ], 
      [ 17, 5, 16, 4, 15, 3, 14, 2, 13, 1, 12, 23, 11, 22, 10, 21, 9, 20, 8, 
          19, 7, 18, 6 ], 
      [ 7, 18, 6, 17, 5, 16, 4, 15, 3, 14, 2, 13, 1, 12, 23, 11, 22, 10, 21, 
          9, 20, 8, 19 ], 
      [ 20, 8, 19, 7, 18, 6, 17, 5, 16, 4, 15, 3, 14, 2, 13, 1, 12, 23, 11, 
          22, 10, 21, 9 ], 
      [ 10, 21, 9, 20, 8, 19, 7, 18, 6, 17, 5, 16, 4, 15, 3, 14, 2, 13, 1, 
          12, 23, 11, 22 ], 
      [ 23, 11, 22, 10, 21, 9, 20, 8, 19, 7, 18, 6, 17, 5, 16, 4, 15, 3, 14, 
          2, 13, 1, 12 ], 
      [ 13, 1, 12, 23, 11, 22, 10, 21, 9, 20, 8, 19, 7, 18, 6, 17, 5, 16, 4, 
          15, 3, 14, 2 ], 
      [ 3, 14, 2, 13, 1, 12, 23, 11, 22, 10, 21, 9, 20, 8, 19, 7, 18, 6, 17, 
          5, 16, 4, 15 ], 
      [ 16, 4, 15, 3, 14, 2, 13, 1, 12, 23, 11, 22, 10, 21, 9, 20, 8, 19, 7, 
          18, 6, 17, 5 ], 
      [ 6, 17, 5, 16, 4, 15, 3, 14, 2, 13, 1, 12, 23, 11, 22, 10, 21, 9, 20, 
          8, 19, 7, 18 ], 
      [ 19, 7, 18, 6, 17, 5, 16, 4, 15, 3, 14, 2, 13, 1, 12, 23, 11, 22, 10, 
          21, 9, 20, 8 ], 
      [ 9, 20, 8, 19, 7, 18, 6, 17, 5, 16, 4, 15, 3, 14, 2, 13, 1, 12, 23, 
          11, 22, 10, 21 ], 
      [ 22, 10, 21, 9, 20, 8, 19, 7, 18, 6, 17, 5, 16, 4, 15, 3, 14, 2, 13, 
          1, 12, 23, 11 ], 
      [ 12, 23, 11, 22, 10, 21, 9, 20, 8, 19, 7, 18, 6, 17, 5, 16, 4, 15, 3, 
          14, 2, 13, 1 ], 
      [ 2, 13, 1, 12, 23, 11, 22, 10, 21, 9, 20, 8, 19, 7, 18, 6, 17, 5, 16, 
          4, 15, 3, 14 ], 
      [ 15, 3, 14, 2, 13, 1, 12, 23, 11, 22, 10, 21, 9, 20, 8, 19, 7, 18, 6, 
          17, 5, 16, 4 ], 
      [ 5, 16, 4, 15, 3, 14, 2, 13, 1, 12, 23, 11, 22, 10, 21, 9, 20, 8, 19, 
          7, 18, 6, 17 ], 
      [ 18, 6, 17, 5, 16, 4, 15, 3, 14, 2, 13, 1, 12, 23, 11, 22, 10, 21, 9, 
          20, 8, 19, 7 ], 
      [ 8, 19, 7, 18, 6, 17, 5, 16, 4, 15, 3, 14, 2, 13, 1, 12, 23, 11, 22, 
          10, 21, 9, 20 ], 
      [ 21, 9, 20, 8, 19, 7, 18, 6, 17, 5, 16, 4, 15, 3, 14, 2, 13, 1, 12, 
          23, 11, 22, 10 ], 
      [ 11, 22, 10, 21, 9, 20, 8, 19, 7, 18, 6, 17, 5, 16, 4, 15, 3, 14, 2, 
          13, 1, 12, 23 ] ],
  ordFix := 1,
  ordf := 22,
  psi := GroupHomomorphismByImages( Group( 
    [ ( 1, 2, 3, 4, 5, 6, 7, 8, 9,10,11,12,13,14,15,16,17,18,19,20,21,22,23) 
     ] ), Group( 
    [ ( 1, 2, 3, 4, 5, 6, 7, 8, 9,10,11,12,13,14,15,16,17,18,19,20,21,22,23) 
     ] ), 
    [ ( 1, 2, 3, 4, 5, 6, 7, 8, 9,10,11,12,13,14,15,16,17,18,19,20,21,22,23) 
     ], 
    [ ( 1,12,23,11,22,10,21, 9,20, 8,19, 7,18, 6,17, 5,16, 4,15, 3,14, 2,13) 
     ] ) ),
# No.12
rec(
  G := 
   Group( 
    [ ( 1, 2, 3, 4, 5, 6, 7, 8, 9,10,11,12,13,14,15,16,17,18,19,20,21,22,23) 
     ] ),
  isConnected := true,
  matrix := 
   [ [ 1, 13, 2, 14, 3, 15, 4, 16, 5, 17, 6, 18, 7, 19, 8, 20, 9, 21, 10, 22, 
          11, 23, 12 ], 
      [ 13, 2, 14, 3, 15, 4, 16, 5, 17, 6, 18, 7, 19, 8, 20, 9, 21, 10, 22, 
          11, 23, 12, 1 ], 
      [ 2, 14, 3, 15, 4, 16, 5, 17, 6, 18, 7, 19, 8, 20, 9, 21, 10, 22, 11, 
          23, 12, 1, 13 ], 
      [ 14, 3, 15, 4, 16, 5, 17, 6, 18, 7, 19, 8, 20, 9, 21, 10, 22, 11, 23, 
          12, 1, 13, 2 ], 
      [ 3, 15, 4, 16, 5, 17, 6, 18, 7, 19, 8, 20, 9, 21, 10, 22, 11, 23, 12, 
          1, 13, 2, 14 ], 
      [ 15, 4, 16, 5, 17, 6, 18, 7, 19, 8, 20, 9, 21, 10, 22, 11, 23, 12, 1, 
          13, 2, 14, 3 ], 
      [ 4, 16, 5, 17, 6, 18, 7, 19, 8, 20, 9, 21, 10, 22, 11, 23, 12, 1, 13, 
          2, 14, 3, 15 ], 
      [ 16, 5, 17, 6, 18, 7, 19, 8, 20, 9, 21, 10, 22, 11, 23, 12, 1, 13, 2, 
          14, 3, 15, 4 ], 
      [ 5, 17, 6, 18, 7, 19, 8, 20, 9, 21, 10, 22, 11, 23, 12, 1, 13, 2, 14, 
          3, 15, 4, 16 ], 
      [ 17, 6, 18, 7, 19, 8, 20, 9, 21, 10, 22, 11, 23, 12, 1, 13, 2, 14, 3, 
          15, 4, 16, 5 ], 
      [ 6, 18, 7, 19, 8, 20, 9, 21, 10, 22, 11, 23, 12, 1, 13, 2, 14, 3, 15, 
          4, 16, 5, 17 ], 
      [ 18, 7, 19, 8, 20, 9, 21, 10, 22, 11, 23, 12, 1, 13, 2, 14, 3, 15, 4, 
          16, 5, 17, 6 ], 
      [ 7, 19, 8, 20, 9, 21, 10, 22, 11, 23, 12, 1, 13, 2, 14, 3, 15, 4, 16, 
          5, 17, 6, 18 ], 
      [ 19, 8, 20, 9, 21, 10, 22, 11, 23, 12, 1, 13, 2, 14, 3, 15, 4, 16, 5, 
          17, 6, 18, 7 ], 
      [ 8, 20, 9, 21, 10, 22, 11, 23, 12, 1, 13, 2, 14, 3, 15, 4, 16, 5, 17, 
          6, 18, 7, 19 ], 
      [ 20, 9, 21, 10, 22, 11, 23, 12, 1, 13, 2, 14, 3, 15, 4, 16, 5, 17, 6, 
          18, 7, 19, 8 ], 
      [ 9, 21, 10, 22, 11, 23, 12, 1, 13, 2, 14, 3, 15, 4, 16, 5, 17, 6, 18, 
          7, 19, 8, 20 ], 
      [ 21, 10, 22, 11, 23, 12, 1, 13, 2, 14, 3, 15, 4, 16, 5, 17, 6, 18, 7, 
          19, 8, 20, 9 ], 
      [ 10, 22, 11, 23, 12, 1, 13, 2, 14, 3, 15, 4, 16, 5, 17, 6, 18, 7, 19, 
          8, 20, 9, 21 ], 
      [ 22, 11, 23, 12, 1, 13, 2, 14, 3, 15, 4, 16, 5, 17, 6, 18, 7, 19, 8, 
          20, 9, 21, 10 ], 
      [ 11, 23, 12, 1, 13, 2, 14, 3, 15, 4, 16, 5, 17, 6, 18, 7, 19, 8, 20, 
          9, 21, 10, 22 ], 
      [ 23, 12, 1, 13, 2, 14, 3, 15, 4, 16, 5, 17, 6, 18, 7, 19, 8, 20, 9, 
          21, 10, 22, 11 ], 
      [ 12, 1, 13, 2, 14, 3, 15, 4, 16, 5, 17, 6, 18, 7, 19, 8, 20, 9, 21, 
          10, 22, 11, 23 ] ],
  ordFix := 1,
  ordf := 11,
  psi := GroupHomomorphismByImages( Group( 
    [ ( 1, 2, 3, 4, 5, 6, 7, 8, 9,10,11,12,13,14,15,16,17,18,19,20,21,22,23) 
     ] ), Group( 
    [ ( 1, 2, 3, 4, 5, 6, 7, 8, 9,10,11,12,13,14,15,16,17,18,19,20,21,22,23) 
     ] ), 
    [ ( 1, 2, 3, 4, 5, 6, 7, 8, 9,10,11,12,13,14,15,16,17,18,19,20,21,22,23) 
     ], 
    [ ( 1,13, 2,14, 3,15, 4,16, 5,17, 6,18, 7,19, 8,20, 9,21,10,22,11,23,12) 
     ] ) ),
# No.13
rec(
  G := 
   Group( 
    [ ( 1, 2, 3, 4, 5, 6, 7, 8, 9,10,11,12,13,14,15,16,17,18,19,20,21,22,23) 
     ] ),
  isConnected := true,
  matrix := 
   [ [ 1, 14, 4, 17, 7, 20, 10, 23, 13, 3, 16, 6, 19, 9, 22, 12, 2, 15, 5, 
          18, 8, 21, 11 ], 
      [ 12, 2, 15, 5, 18, 8, 21, 11, 1, 14, 4, 17, 7, 20, 10, 23, 13, 3, 16, 
          6, 19, 9, 22 ], 
      [ 23, 13, 3, 16, 6, 19, 9, 22, 12, 2, 15, 5, 18, 8, 21, 11, 1, 14, 4, 
          17, 7, 20, 10 ], 
      [ 11, 1, 14, 4, 17, 7, 20, 10, 23, 13, 3, 16, 6, 19, 9, 22, 12, 2, 15, 
          5, 18, 8, 21 ], 
      [ 22, 12, 2, 15, 5, 18, 8, 21, 11, 1, 14, 4, 17, 7, 20, 10, 23, 13, 3, 
          16, 6, 19, 9 ], 
      [ 10, 23, 13, 3, 16, 6, 19, 9, 22, 12, 2, 15, 5, 18, 8, 21, 11, 1, 14, 
          4, 17, 7, 20 ], 
      [ 21, 11, 1, 14, 4, 17, 7, 20, 10, 23, 13, 3, 16, 6, 19, 9, 22, 12, 2, 
          15, 5, 18, 8 ], 
      [ 9, 22, 12, 2, 15, 5, 18, 8, 21, 11, 1, 14, 4, 17, 7, 20, 10, 23, 13, 
          3, 16, 6, 19 ], 
      [ 20, 10, 23, 13, 3, 16, 6, 19, 9, 22, 12, 2, 15, 5, 18, 8, 21, 11, 1, 
          14, 4, 17, 7 ], 
      [ 8, 21, 11, 1, 14, 4, 17, 7, 20, 10, 23, 13, 3, 16, 6, 19, 9, 22, 12, 
          2, 15, 5, 18 ], 
      [ 19, 9, 22, 12, 2, 15, 5, 18, 8, 21, 11, 1, 14, 4, 17, 7, 20, 10, 23, 
          13, 3, 16, 6 ], 
      [ 7, 20, 10, 23, 13, 3, 16, 6, 19, 9, 22, 12, 2, 15, 5, 18, 8, 21, 11, 
          1, 14, 4, 17 ], 
      [ 18, 8, 21, 11, 1, 14, 4, 17, 7, 20, 10, 23, 13, 3, 16, 6, 19, 9, 22, 
          12, 2, 15, 5 ], 
      [ 6, 19, 9, 22, 12, 2, 15, 5, 18, 8, 21, 11, 1, 14, 4, 17, 7, 20, 10, 
          23, 13, 3, 16 ], 
      [ 17, 7, 20, 10, 23, 13, 3, 16, 6, 19, 9, 22, 12, 2, 15, 5, 18, 8, 21, 
          11, 1, 14, 4 ], 
      [ 5, 18, 8, 21, 11, 1, 14, 4, 17, 7, 20, 10, 23, 13, 3, 16, 6, 19, 9, 
          22, 12, 2, 15 ], 
      [ 16, 6, 19, 9, 22, 12, 2, 15, 5, 18, 8, 21, 11, 1, 14, 4, 17, 7, 20, 
          10, 23, 13, 3 ], 
      [ 4, 17, 7, 20, 10, 23, 13, 3, 16, 6, 19, 9, 22, 12, 2, 15, 5, 18, 8, 
          21, 11, 1, 14 ], 
      [ 15, 5, 18, 8, 21, 11, 1, 14, 4, 17, 7, 20, 10, 23, 13, 3, 16, 6, 19, 
          9, 22, 12, 2 ], 
      [ 3, 16, 6, 19, 9, 22, 12, 2, 15, 5, 18, 8, 21, 11, 1, 14, 4, 17, 7, 
          20, 10, 23, 13 ], 
      [ 14, 4, 17, 7, 20, 10, 23, 13, 3, 16, 6, 19, 9, 22, 12, 2, 15, 5, 18, 
          8, 21, 11, 1 ], 
      [ 2, 15, 5, 18, 8, 21, 11, 1, 14, 4, 17, 7, 20, 10, 23, 13, 3, 16, 6, 
          19, 9, 22, 12 ], 
      [ 13, 3, 16, 6, 19, 9, 22, 12, 2, 15, 5, 18, 8, 21, 11, 1, 14, 4, 17, 
          7, 20, 10, 23 ] ],
  ordFix := 1,
  ordf := 11,
  psi := GroupHomomorphismByImages( Group( 
    [ ( 1, 2, 3, 4, 5, 6, 7, 8, 9,10,11,12,13,14,15,16,17,18,19,20,21,22,23) 
     ] ), Group( 
    [ ( 1, 2, 3, 4, 5, 6, 7, 8, 9,10,11,12,13,14,15,16,17,18,19,20,21,22,23) 
     ] ), 
    [ ( 1, 2, 3, 4, 5, 6, 7, 8, 9,10,11,12,13,14,15,16,17,18,19,20,21,22,23) 
     ], 
    [ ( 1,14, 4,17, 7,20,10,23,13, 3,16, 6,19, 9,22,12, 2,15, 5,18, 8,21,11) 
     ] ) ),
# No.14
rec(
  G := 
   Group( 
    [ ( 1, 2, 3, 4, 5, 6, 7, 8, 9,10,11,12,13,14,15,16,17,18,19,20,21,22,23) 
     ] ),
  isConnected := true,
  matrix := 
   [ [ 1, 15, 6, 20, 11, 2, 16, 7, 21, 12, 3, 17, 8, 22, 13, 4, 18, 9, 23, 
          14, 5, 19, 10 ], 
      [ 11, 2, 16, 7, 21, 12, 3, 17, 8, 22, 13, 4, 18, 9, 23, 14, 5, 19, 10, 
          1, 15, 6, 20 ], 
      [ 21, 12, 3, 17, 8, 22, 13, 4, 18, 9, 23, 14, 5, 19, 10, 1, 15, 6, 20, 
          11, 2, 16, 7 ], 
      [ 8, 22, 13, 4, 18, 9, 23, 14, 5, 19, 10, 1, 15, 6, 20, 11, 2, 16, 7, 
          21, 12, 3, 17 ], 
      [ 18, 9, 23, 14, 5, 19, 10, 1, 15, 6, 20, 11, 2, 16, 7, 21, 12, 3, 17, 
          8, 22, 13, 4 ], 
      [ 5, 19, 10, 1, 15, 6, 20, 11, 2, 16, 7, 21, 12, 3, 17, 8, 22, 13, 4, 
          18, 9, 23, 14 ], 
